success:0-2=1
time:0-1=600
troop:infantry-=10
troop:calvary-=10
troop:suicideBomber-=0
troop:artillery-=0
troop:logistic-=0
troop:armoredCar-=0
troop:tank1-=0
troop:tank2-=0
troop:tankOshimai-=0
troop:fighter-=2
troop:bomber-=0
troop:kamikaze-=0
troop:cas-=2
set:food-=16
set:equipment-=0
set:manpower-=2
set:baseLand-=100
set:usedLand-=13
set:capturedLand-=0
set:camp-=1
set:airport1-=4
set:baseLandMul-=1
set:baseLandTroopMul-=1
set:baseAirTroopMul-=1
set:baseTankMul-=1
set:baseAirToopMul2-=1
set:baseTrainingTimeMul-=1
set:baseRecovery-=1
set:baseRecoveryDiff-=0
set:farm-=2,0,0
set:civilianFactory-=2,0,0
set:militaryFactory-=0,0,0
set:trainingCamp-=1
set:airport2-=4
set:farmU-=1,0,0
set:civilianFactoryU-=1,0,0
set:militaryFactoryU-=1,0,0
set:farmR-=1,0,0
set:divisionOfLaborR-=1,0,0
set:productionLineR-=1,0,0
set:landDoctrineR-=1,0,0
set:airDoctrineR-=1,0,0
set:urbanizationR-=1,0,0
set:weaponR-=1,0,0
set:trainingR-=1,0,0
set:recoveryR-=1,0,0
army:army1-=$(0:0)0,(0:1)0,(0:2)0,(0:3)0,(1:0)0,(1:1)0,(1:2)0,(1:3)0,(2:0)9,(2:1)9,(2:2)10,(2:3)10,(3:0),(3:1),(3:2),(3:3)$
enemy:create-0=aruiToire
map:aruiToire-start=
0,0:;
0,1:A2,8,1,0,0,0,0,0,0,0,0,0|0,0,0,0,0,1|^^*0,2,1,1*(plain)&0,1,0&;
0,2:A3,8,0,1,0,0,0,0,0,1,1,0|0,0,0,0,0,1|^^*0,1,1,2*(plain)&0,1,0&;
0,3:;
0,4:;
0,5:;
0,6:;
0,7:;
0,8:A9,1,0,0,0,0,0,0,0,0,0,0|0,0,0,0,0,0|^^*1,8*(plain)&0,1,0&;
1,0:A1,15,0,0,0,0,0,0,0,1,1,0|2,2,0,0,0,8|^^*1,1,2,0*(plain)&0,1,0&;
1,1:B2,15,15,0,0,0,0,0,0,10,10,0|0,0,0,10,0,10|^0,1,1,0,1,2,2,1^*0,1,1,0,1,2,2,1*(mountain)&0,0,0&;
1,2:B3,8,5,0,0,0,0,0,0,2,2,0|0,2,2,2,0,12|^0,2,1,1,1,3,2,2^*0,2,1,1,1,3,2,2*(mountain)&0,0,0&;
1,3:B4,0,0,0,0,0,0,0,0,0,0,0|0,0,0,0,0,0|^1,2,1,4,2,3^*1,2,1,4,2,3*(plain)&0,0,0&;
1,4:A5,0,0,0,0,0,0,0,0,0,0,0|0,0,0,0,0,0|^^*1,3,1,5*(desert)&0,1,0&;
1,5:A6,2,0,0,0,0,0,0,0,1,1,0|0,0,0,0,0,0|^^*1,4,1,6*(desert)&0,1,0&;
1,6:B7,2,0,0,0,0,0,0,0,3,0,0$(0:0)0,(0:1)0,(0:2)0,(0:3)0,(1:0)0,(1:1)0,(1:2),(1:3),(2:0),(2:1),(2:2),(2:3),(3:0),(3:1),(3:2),(3:3)$|0,0,0,1,1,10|^1,5,2,6^*1,5,2,6*(desert)&0,0,0&;
1,7:;
1,8:B9,15,0,0,0,0,0,0,0,0,0,0|1,0,3,0,0,14|^0,8,2,8^*0,8,2,8*(plain)&0,0,0&;
2,0:C1,0,0,0,0,0,0,0,0,0,0,0|0,0,0,0,0,0|^1,0,2,1^*1,0,2,1*(plain)&0,0,0&;
2,1:C2,0,0,0,0,0,0,0,0,0,0,0|0,0,0,0,0,0|^1,1,2,0,2,2^*1,1,2,0,2,2*(plain)&0,0,0&;
2,2:C3,2,0,0,0,0,0,0,0,1,1,0|0,0,0,0,0,1|^1,2,2,1,2,3^*1,2,2,1,2,3*(desert)&0,0,0&;
2,3:C4,2,0,0,0,0,1,0,0,0,0,0$(0:0)5,(0:1)5,(0:2)0,(0:3)0,(1:0)0,(1:1)0,(1:2)0,(1:3)0,(2:0)0,(2:1)8,(2:2)9,(2:3)9,(3:0)9,(3:1)10,(3:2),(3:3)$|2,2,2,2,2,20|^1,3,2,2^*1,3,2,2*(river)&0,0,0&;
2,4:;
2,5:;
2,6:C7,1,1,1,0,0,0,0,0,1,1,0|0,0,0,1,1,2|^1,6,2,7^*1,6,2,7*(desert)&0,0,0&;
2,7:B8,1,0,0,0,0,1,0,0,1,1,0|1,0,0,0,0,3|^2,6,2,8,3,7^*2,6,2,8,3,7*(mountain)&0,0,0&;
2,8:C9,0,0,0,0,0,0,0,0,0,0,0|0,0,0,0,0,0|^2,7,1,8^*2,7,1,8*(plain)&0,0,0&;
3,0:;
3,1:;
3,2:;
3,3:D4,20,0,0,0,0,3,0,0,4,4,0|2,2,2,2,2,20|^2,3,3,4,4,3^*2,3,3,4,4,3*(hill)&0,0,0&;
3,4:D5,0,0,0,0,0,0,0,0,0,0,0|0,0,0,0,0,20|^3,3,3,5^*3,3,3,5*(plain)&0,0,0&;
3,5:D6,8,0,0,0,0,2,0,0,4,4,0|1,1,1,1,1,10|^3,4,4,5^*3,4,4,5*(hill)&0,0,0&;
3,6:;
3,7:D8,8,0,1,0,2,0,0,0,1,1,0|0,0,2,2,0,6|^2,7,4,7^*2,7,4,7*(mountain)&0,0,0&;
3,8:;
4,0:;
4,1:E2,0,0,0,0,0,0,0,0,0,0,0|0,0,0,0,0,0|^4,2,5,1^*4,2,5,1*(plain)&0,0,0&;
4,2:E3,4,0,0,0,0,0,2,0,6,4,2$(0:0)0,(0:1)0,(0:2)0,(0:3)0,(1:0)0,(1:1)0,(1:2)0,(1:3)0,(2:0)0,(2:1)0,(2:2)0,(2:3)0,(3:0)0,(3:1)0,(3:2)0,(3:3)0$$(0:0)6,(0:1)6,(0:2)0,(0:3)0,(1:0)0,(1:1)0,(1:2)0,(1:3)0,(2:0)0,(2:1),(2:2),(2:3),(3:0),(3:1),(3:2),(3:3)$|0,0,0,0,0,0|^4,1,4,3,5,2^*4,1,4,3,5,2*(plain)&0,0,0&;
4,3:E4,10,10,10,0,10,0,0,0,6,6,0|3,3,3,3,3,30|^3,3,4,2^*3,3,4,2*(snowland)&0,0,0&;
4,4:;
4,5:E6,0,0,0,0,0,4,1,0,1,1,0|0,0,0,3,3,6|^3,5,4,6^*3,5,4,6*(desert)&0,0,0&;
4,6:E7,10,0,0,0,0,1,1,0,1,1,0|0,0,0,3,3,6|^4,5,4,7,5,6^*4,5,4,7,5,6*(hill)&0,0,0&;
4,7:E8,5,0,5,0,0,4,1,0,1,2,0|0,0,0,3,3,6|^3,7,4,6,4,8,5,7^*3,7,4,6,4,8,5,7*(river)&0,0,0&;
4,8:D9,15,0,0,0,0,2,1,0,2,3,0|4,4,4,0,0,24|^4,7,5,8^*4,7,5,8*(plain)&0,0,0&;
5,0:F1,0,0,0,0,0,0,0,0,0,0,0|0,0,0,0,0,0|^5,1,6,0^*5,1,6,0*(plain)&0,0,0&;
5,1:F2,0,0,0,0,0,0,0,0,0,0,0|0,0,0,0,0,0|^4,1,5,0,5,2^*4,1,5,0,5,2*(plain)&0,0,0&;
5,2:F3,0,0,0,0,0,0,0,0,0,0,0|0,0,0,0,0,0|^4,2,5,1,6,2^*4,2,5,1,6,2*(plain)&0,0,0&;
5,3:;
5,4:;
5,5:;
5,6:F7,0,0,0,0,0,0,0,0,0,0,0|1,1,0,0,0,4|^4,6,5,7,6,6^*4,6,5,7,6,6*(plain)&0,0,0&;
5,7:F8,2,0,0,0,0,1,0,1,1,1,0|2,2,2,3,3,20|^4,7,5,6,5,8^*4,7,5,6,5,8*(desert)&0,0,0&;
5,8:F9,0,0,0,0,0,0,0,0,0,0,0|0,1,1,0,0,3|^4,8,5,7,6,8^*4,8,5,7,6,8*(plain)&0,0,0&;
6,0:G1,0,0,0,0,0,0,0,0,0,0,0|0,0,0,0,0,0|^5,0^*5,0*(plain)&0,0,0&;
6,1:;
6,2:G3,0,0,0,0,0,0,0,0,0,0,0|0,0,0,0,0,0|^5,2^*5,2*(plain)&0,0,0&;
6,3:;
6,4:;
6,5:;
6,6:G7,0,0,0,0,0,0,0,0,0,0,0|0,0,0,0,0,0|^5,6^*5,6*(plain)&0,0,0&;
6,7:;
6,8:G9,0,0,0,0,0,0,0,0,0,0,0|0,0,0,0,0,0|^5,8^*5,8*(plain)&0,0,0&;
end